x
-1.000000000000000 1.000000000000000
1 -84.00000000000000 0.000000000000000
2 -87.00000000000000 0.000000000000000
3 -87.00000000000000 -63.00000000000000
4 -66.00000000000000 0.000000000000000
5 -67.00000000000000 0.000000000000000
6 -91.00000000000000 0.000000000000000
7 -92.00000000000000 0.000000000000000
8 -86.00000000000000 -64.00000000000000
9 -75.00000000000000 0.000000000000000
10 -80.00000000000000 0.000000000000000
11 -77.00000000000000 0.000000000000000
12 -72.00000000000000 0.000000000000000
13 -78.00000000000000 0.000000000000000
14 -67.00000000000000 0.000000000000000
15 -81.00000000000000 0.000000000000000
16 -79.00000000000000 0.000000000000000
17 -73.00000000000000 0.000000000000000
18 -69.00000000000000 0.000000000000000
19 -83.00000000000000 0.000000000000000
20 -78.00000000000000 0.000000000000000
21 -73.00000000000000 0.000000000000000
22 -89.00000000000000 0.000000000000000
23 -71.00000000000000 0.000000000000000
24 -89.00000000000000 0.000000000000000
25 -83.00000000000000 0.000000000000000
26 -78.00000000000000 0.000000000000000
27 -73.00000000000000 0.000000000000000
28 -85.00000000000000 0.000000000000000
29 -80.00000000000000 0.000000000000000
30 -82.00000000000000 0.000000000000000
31 -88.00000000000000 0.000000000000000
32 -84.00000000000000 0.000000000000000
33 -91.00000000000000 0.000000000000000
34 -91.00000000000000 0.000000000000000
35 -79.00000000000000 0.000000000000000
36 -89.00000000000000 0.000000000000000
37 -89.00000000000000 0.000000000000000
38 -75.00000000000000 0.000000000000000
39 -74.00000000000000 0.000000000000000
40 -82.00000000000000 0.000000000000000
41 -83.00000000000000 0.000000000000000
42 -84.00000000000000 0.000000000000000
43 -75.00000000000000 0.000000000000000
44 -75.00000000000000 0.000000000000000
45 -86.00000000000000 0.000000000000000
46 -83.00000000000000 0.000000000000000
47 -84.00000000000000 0.000000000000000
48 -83.00000000000000 0.000000000000000
49 -75.00000000000000 0.000000000000000
50 -78.00000000000000 0.000000000000000
51 -80.00000000000000 0.000000000000000
52 -78.00000000000000 0.000000000000000
53 -82.00000000000000 0.000000000000000
54 -59.00000000000000 0.000000000000000
55 -72.00000000000000 0.000000000000000
56 -87.00000000000000 0.000000000000000
57 -87.00000000000000 0.000000000000000
58 -80.00000000000000 0.000000000000000
59 -87.00000000000000 0.000000000000000
60 -86.00000000000000 0.000000000000000
61 -56.00000000000000 0.000000000000000
62 -66.00000000000000 0.000000000000000
63 -56.00000000000000 0.000000000000000
64 -71.00000000000000 0.000000000000000
65 -80.00000000000000 0.000000000000000
66 -81.00000000000000 0.000000000000000
67 -83.00000000000000 0.000000000000000
68 -86.00000000000000 0.000000000000000
69 -84.00000000000000 0.000000000000000
70 -80.00000000000000 0.000000000000000
71 -82.00000000000000 0.000000000000000
72 -82.00000000000000 0.000000000000000
73 -85.00000000000000 0.000000000000000
74 -85.00000000000000 0.000000000000000
75 -82.00000000000000 0.000000000000000
76 -81.00000000000000 0.000000000000000
77 -86.00000000000000 0.000000000000000
78 -86.00000000000000 0.000000000000000
79 -89.00000000000000 0.000000000000000
80 -88.00000000000000 0.000000000000000
81 -88.00000000000000 0.000000000000000
82 -92.00000000000000 0.000000000000000
83 -85.00000000000000 0.000000000000000
84 -89.00000000000000 0.000000000000000
85 -90.00000000000000 0.000000000000000
86 -90.00000000000000 0.000000000000000
87 -90.00000000000000 0.000000000000000
88 -90.00000000000000 0.000000000000000
89 -90.00000000000000 0.000000000000000
90 -91.00000000000000 0.000000000000000
91 -91.00000000000000 0.000000000000000
92 -91.00000000000000 0.000000000000000
93 -91.00000000000000 0.000000000000000
94 -89.00000000000000 0.000000000000000
95 -91.00000000000000 0.000000000000000
96 -91.00000000000000 0.000000000000000
97 -91.00000000000000 0.000000000000000
98 -91.00000000000000 0.000000000000000
99 -92.00000000000000 0.000000000000000
100 -92.00000000000000 0.000000000000000
101 -92.00000000000000 0.000000000000000
102 -91.00000000000000 0.000000000000000
103 -92.00000000000000 0.000000000000000
104 -71.00000000000000 0.000000000000000
105 -85.00000000000000 0.000000000000000
106 -83.00000000000000 0.000000000000000
107 -79.00000000000000 0.000000000000000
108 -86.00000000000000 0.000000000000000
109 -86.00000000000000 0.000000000000000
110 -86.00000000000000 0.000000000000000
111 -84.00000000000000 0.000000000000000
112 -90.00000000000000 0.000000000000000
113 -83.00000000000000 0.000000000000000
114 -89.00000000000000 0.000000000000000
115 -87.00000000000000 0.000000000000000
116 -91.00000000000000 0.000000000000000
117 -92.00000000000000 0.000000000000000
118 -92.00000000000000 0.000000000000000
119 -92.00000000000000 0.000000000000000
120 -78.00000000000000 0.000000000000000
121 -79.00000000000000 0.000000000000000
122 -79.00000000000000 0.000000000000000
123 -79.00000000000000 0.000000000000000
124 -81.00000000000000 0.000000000000000
125 -82.00000000000000 0.000000000000000
126 -82.00000000000000 0.000000000000000
127 -83.00000000000000 0.000000000000000
128 -85.00000000000000 0.000000000000000
129 -87.00000000000000 0.000000000000000
130 -87.00000000000000 0.000000000000000
131 -87.00000000000000 0.000000000000000
132 -87.00000000000000 0.000000000000000
133 -87.00000000000000 0.000000000000000
134 -88.00000000000000 0.000000000000000
135 -84.00000000000000 0.000000000000000
136 -90.00000000000000 0.000000000000000
137 -90.00000000000000 0.000000000000000
138 -90.00000000000000 0.000000000000000
139 -91.00000000000000 0.000000000000000
140 -91.00000000000000 0.000000000000000
141 -91.00000000000000 0.000000000000000
142 -91.00000000000000 0.000000000000000
143 -91.00000000000000 0.000000000000000
144 -91.00000000000000 0.000000000000000
145 -83.00000000000000 0.000000000000000
146 -82.00000000000000 0.000000000000000
147 -88.00000000000000 0.000000000000000
148 -92.00000000000000 0.000000000000000
149 -85.00000000000000 0.000000000000000
150 -74.00000000000000 0.000000000000000
151 -82.00000000000000 0.000000000000000
152 -77.00000000000000 0.000000000000000
153 -80.00000000000000 0.000000000000000
154 -65.00000000000000 0.000000000000000
155 -79.00000000000000 0.000000000000000
156 -69.00000000000000 0.000000000000000
157 -83.00000000000000 0.000000000000000
158 -68.00000000000000 0.000000000000000
159 -73.00000000000000 0.000000000000000
160 -84.00000000000000 0.000000000000000
161 -83.00000000000000 0.000000000000000
162 -87.00000000000000 0.000000000000000
163 -89.00000000000000 0.000000000000000
164 -79.00000000000000 0.000000000000000
165 -79.00000000000000 0.000000000000000
166 -72.00000000000000 0.000000000000000
167 -69.00000000000000 0.000000000000000
168 -62.00000000000000 0.000000000000000
169 -78.00000000000000 0.000000000000000
